function colortmp=mikecolortmp;
colortmp=[255,255, 255;                          
       128, 0, 128;
       102, 0, 154 ;
       76, 0, 179 ;
       51, 0, 205 ;
       25,0,230;
       0, 0, 255;
       0, 42, 232 ;
       0, 83, 210 ;
       0, 125, 188 ;
       0, 166, 166 ;
       0, 189, 124 ;
       0, 211, 83 ;
       0, 233, 41 ;
       0, 255, 0  ;
       64, 255, 0 ;
       128, 255, 0;
       192, 255, 0;
       255, 255, 0;
       255, 191, 0;
       255, 127, 0;
       255, 63, 0 ;
       255, 0, 0  ;
                          ]./255;